1 0 9
2 0 10
3 0 15
4 0 10
5 0 8
6 0 8
7 0 7
8 0 8
9 0 5
10 0 8
11 0 13
12 0 11
13 0 9
14 0 7
15 0 15
16 0 14
17 0 11
18 0 8
19 0 9
20 0 7
21 0 11
22 0 15
23 0 7
24 0 10
25 0 11
26 0 10
27 0 5
28 0 9
29 0 10
30 0 9
31 0 9
32 0 9
33 0 9
34 0 7
35 0 11
36 0 8
37 0 3
38 0 11
39 0 9
40 0 8
41 0 2
42 0 9
43 0 9
44 0 16
45 0 6
46 0 5
47 0 6
48 0 11
49 0 9
50 0 5
51 0 7
52 0 9
53 0 8
54 0 6
55 0 10
56 0 9
57 0 5
58 0 7
59 0 8
60 0 12
61 0 6
62 0 6
63 0 12
64 0 10
65 0 7
66 0 10
67 0 9
68 0 8
69 0 7
70 0 8
71 0 9
72 0 10
73 0 12
74 0 8
75 0 7
76 0 7
77 0 7
78 0 5
79 0 17
80 0 10
81 0 7
82 0 9
83 0 12
84 0 13
85 0 8
86 0 5
87 0 10
88 0 6
89 0 9
90 0 7
91 0 10
92 0 7
93 0 9
94 0 11
95 0 9
96 0 11
97 0 8
99 0 9
100 0 8
101 0 8
102 0 9
103 0 8
104 0 7
105 0 10
106 0 8
107 0 8
108 0 12
109 0 12
110 0 11
111 0 9
112 0 9
113 0 7
115 0 8
116 0 11
117 0 5
118 0 9
119 0 8
120 0 5
121 0 12
122 0 8
123 0 9
124 0 8
125 0 7
126 0 12
127 0 9
128 0 9
129 0 9
130 0 10
131 0 8
132 0 11
133 0 3
134 0 10
135 0 7
136 0 10
137 0 9
138 0 9
139 0 9
140 0 9
141 0 9
142 0 10
143 0 6
144 0 9
145 0 11
146 0 13
147 0 9
148 0 6
149 0 4
150 0 8
151 0 13
152 0 5
153 0 10
154 0 9
155 0 3
156 0 6
157 0 6
158 0 9
159 0 12
160 0 9
161 0 7
162 0 9
163 0 7
164 0 5
165 0 9
166 0 11
167 0 9
168 0 5
169 0 9
170 0 12
171 0 10
172 0 9
173 0 9
174 0 9
175 0 13
176 0 8
177 0 11
178 0 10
179 0 9
180 0 9
181 0 9
182 0 9
183 0 11
184 0 8
185 0 8
186 0 9
187 0 7
188 0 10
189 0 8
190 0 11
191 0 10
192 0 8
193 0 10
195 0 11
196 0 8
197 0 10
198 0 11
199 0 7
200 0 7
201 0 23
202 0 7
203 0 7
204 0 7
205 0 9
206 0 7
207 0 10
208 0 11
209 0 9
210 0 12
211 0 6
212 0 4
213 0 9
214 0 10
215 0 13
216 0 10
217 0 10
218 0 8
219 0 11
220 0 7
221 0 8
222 0 7
223 0 5
224 0 7
225 0 8
226 0 11
227 0 13
228 0 11
229 0 7
230 0 12
231 0 12
232 0 6
233 0 10
234 0 10
235 0 9
236 0 9
237 0 8
238 0 7
239 0 11
240 0 2
241 0 9
242 0 7
243 0 9
244 0 8
245 0 8
246 0 9
247 0 8
248 0 9
249 0 13
250 0 11
251 0 12
252 0 9
253 0 11
254 0 9
255 0 10
256 0 9
257 0 7
258 0 8
259 0 8
260 0 8
261 0 12
262 0 7
263 0 9
264 0 4
266 0 12
267 0 11
268 0 11
269 0 9
270 0 9
271 0 8
272 0 11
273 0 11
274 0 8
275 0 6
276 0 15
277 0 7
278 0 4
279 0 10
280 0 10
281 0 5
282 0 15
283 0 11
284 0 8
285 0 8
286 0 10
287 0 14
288 0 9
289 0 2
290 0 13
291 0 9
292 0 15
293 0 11
294 0 6
295 0 8
296 0 7
297 0 9
298 0 10
299 0 9
300 0 9
301 0 9
302 0 7
303 0 8
304 0 16
305 0 10
306 0 7
307 0 7
308 0 9
309 0 9
310 0 8
311 0 7
312 0 10
313 0 8
314 0 7
315 0 7
316 0 6
317 0 8
318 0 8
319 0 8
320 0 8
321 0 8
322 0 7
323 0 7
324 0 8
325 0 9
326 0 6
327 0 5
328 0 5
329 0 9
330 0 7
331 0 9
332 0 9
333 0 10
334 0 6
335 0 9
336 0 8
337 0 8
338 0 6
339 0 7
340 0 4
341 0 6
342 0 12
343 0 9
344 0 12
345 0 7
346 0 5
347 0 7
348 0 13
349 0 8
350 0 11
351 0 4
352 0 7
353 0 8
354 0 11
355 0 9
356 0 9
357 0 7
358 0 10
359 0 7
360 0 8
361 0 12
362 0 10
363 0 7
364 0 10
365 0 10
366 0 11
367 0 9
368 0 6
369 0 5
370 0 9
371 0 7
372 0 8
374 0 10
375 0 11
376 0 8
377 0 8
378 0 8
379 0 6
380 0 11
381 0 10
382 0 14
383 0 7
384 0 5
385 0 7
386 0 8
387 0 6
388 0 10
389 0 6
390 0 8
391 0 7
392 0 3
393 0 9
394 0 11
395 0 6
396 0 6
397 0 7
398 0 7
399 0 8
400 0 9
401 0 6
402 0 6
403 0 12
404 0 5
405 0 11
406 0 8
407 0 7
408 0 11
409 0 10
410 0 6
411 0 9
412 0 9
413 0 10
414 0 14
415 0 8
416 0 7
417 0 7
418 0 9
419 0 5
420 0 7
421 0 11
422 0 10
423 0 4
424 0 10
425 0 5
426 0 8
427 0 11
428 0 6
429 0 8
430 0 10
431 0 6
432 0 10
433 0 10
434 0 10
435 0 7
436 0 3
437 0 7
438 0 7
439 0 11
440 0 8
441 0 8
442 0 9
443 0 9
444 0 6
445 0 9
446 0 8
447 0 10
448 0 7
449 0 8
450 0 9
451 0 9
452 0 7
453 0 7
454 0 9
455 0 7
456 0 11
457 0 8
458 0 5
459 0 21
460 0 11
461 0 8
462 0 11
463 0 4
464 0 9
465 0 10
466 0 5
467 0 9
468 0 7
469 0 8
470 0 9
471 0 8
472 0 12
473 0 9
474 0 8
475 0 8
476 0 7
477 0 8
478 0 9
479 0 7
480 0 6
482 0 8
483 0 7
484 0 7
485 0 8
486 0 7
487 0 8
488 0 6
489 0 7
490 0 6
491 0 8
492 0 3
493 0 7
494 0 8
495 0 5
496 0 7
497 0 9
498 0 7
499 0 7
500 0 8
501 0 7
502 0 8
503 0 5
504 0 5
505 0 9
506 0 6
507 0 11
508 0 10
509 0 7
510 0 16
511 0 8
512 0 7
513 0 9
514 0 7
515 0 10
516 0 7
517 0 6
518 0 8
519 0 10
520 0 11
521 0 6
522 0 5
523 0 7
524 0 7
525 0 10
526 0 6
527 0 8
528 0 8
529 0 10
530 0 11
531 0 11
532 0 8
533 0 11
534 0 9
535 0 5
536 0 8
537 0 10
538 0 7
539 0 9
540 0 10
541 0 12
542 0 14
543 0 9
544 0 10
545 0 8
546 0 13
547 0 11
548 0 7
549 0 7
550 0 9
551 0 11
552 0 9
553 0 10
554 0 10
555 0 10
556 0 11
557 0 9
558 0 10
559 0 6
560 0 11
561 0 7
562 0 11
563 0 9
564 0 11
565 0 11
566 0 7
568 0 8
569 0 11
570 0 10
571 0 9
572 0 9
573 0 11
574 0 10
575 0 11
576 0 11
577 0 9
578 0 2
579 0 12
580 0 4
581 0 10
582 0 12
583 0 9
584 0 13
585 0 16
586 0 9
587 0 11
588 0 7
589 0 11
590 0 11
591 0 10
592 0 11
593 0 8
594 0 7
595 0 9
596 0 7
597 0 6
598 0 7
599 0 10
600 0 10
601 0 11
602 0 10
603 0 10
604 0 12
605 0 7
606 0 9
607 0 9
608 0 8
609 0 13
610 0 9
611 0 11
613 0 12
614 0 9
615 0 4
616 0 3
617 0 8
618 0 8
619 0 7
620 0 11
621 0 2
622 0 9
623 0 12
624 0 9
625 0 11
626 0 5
627 0 15
628 0 9
629 0 8
630 0 7
631 0 9
632 0 11
633 0 9
634 0 10
635 0 9
636 0 10
637 0 8
638 0 10
639 0 10
640 0 9
641 0 7
642 0 7
643 0 11
644 0 6
645 0 8
646 0 10
647 0 12
648 0 7
649 0 7
650 0 10
651 0 9
652 0 12
653 0 7
654 0 12
655 0 4
656 0 9
657 0 5
658 0 10
659 0 13
660 0 13
661 0 10
662 0 11
663 0 10
664 0 1
665 0 1
666 0 16
667 0 15
668 0 9
669 0 8
670 0 15
671 0 9
672 0 15
673 0 7
674 0 20
675 0 9
676 0 16
677 0 10
678 0 20
679 0 21
680 0 22
681 0 10
682 0 18
683 0 22
684 0 19
685 0 18
686 0 10
687 0 9
688 0 10
689 0 11
690 0 12
691 0 7
692 0 10
693 0 10
694 0 9
695 0 10
696 0 13
697 0 12
698 0 11
699 0 7
700 0 12
701 0 8
702 0 11
703 0 3
704 0 8
705 0 4
706 0 10
707 0 11
708 0 9
709 0 11
710 0 9
711 0 7
712 0 11
713 0 10
714 0 9
715 0 8
716 0 9
717 0 8
718 0 9
719 0 9
720 0 13
721 0 7
722 0 8
723 0 8
724 0 10
725 0 23
726 0 11
727 0 11
728 0 8
729 0 9
730 0 11
731 0 12
732 0 6
733 0 9
734 0 8
735 0 20
736 0 8
737 0 8
738 0 7
739 0 9
740 0 8
741 0 8
742 0 7
743 0 10
744 0 9
745 0 11
746 0 8
747 0 11
748 0 6
749 0 11
750 0 9
751 0 8
752 0 8
753 0 10
754 0 14
755 0 8
756 0 8
757 0 13
758 0 12
759 0 7
760 0 13
761 0 10
762 0 8
763 0 9
764 0 10
765 0 13
766 0 12
767 0 12
768 0 10
769 0 12
770 0 11
771 0 8
772 0 11
773 0 9
774 0 7
775 0 11
776 0 6
777 0 11
778 0 8
779 0 10
780 0 8
781 0 9
782 0 10
783 0 10
784 0 13
785 0 13
786 0 9
787 0 10
788 0 10
789 0 9
790 0 6
791 0 10
792 0 12
793 0 9
794 0 7
795 0 8
796 0 14
797 0 13
798 0 11
799 0 10
800 0 11
801 0 13
802 0 9
803 0 16
804 0 7
805 0 8
806 0 7
807 0 11
808 0 6
809 0 12
810 0 7
811 0 10
812 0 9
813 0 9
814 0 7
815 0 9
816 0 8
817 0 10
818 0 7
819 0 9
820 0 10
821 0 10
822 0 11
823 0 10
824 0 9
825 0 8
826 0 9
827 0 9
828 0 11
829 0 7
830 0 9
831 0 8
832 0 11
833 0 10
834 0 10
835 0 8
836 0 9
837 0 13
838 0 9
839 0 9
840 0 11
841 0 12
842 0 8
843 0 11
844 0 11
845 0 10
846 0 8
847 0 10
848 0 5
849 0 10
850 0 6
851 0 11
852 0 11
853 0 9
854 0 7
855 0 11
856 0 7
857 0 7
858 0 7
859 0 11
860 0 6
861 0 15
862 0 7
863 0 13
864 0 10
865 0 11
866 0 11
867 0 7
868 0 9
869 0 10
870 0 10
871 0 9
872 0 6
873 0 10
874 0 10
875 0 9
876 0 10
877 0 8
878 0 10
879 0 13
880 0 8
881 0 4
882 0 11
883 0 12
884 0 12
885 0 8
886 0 7
887 0 9
888 0 10
889 0 10
890 0 13
891 0 10
892 0 8
893 0 7
894 0 6
895 0 9
896 0 11
897 0 10
898 0 9
899 0 11
900 0 8
901 0 12
902 0 10
903 0 10
904 0 10
905 0 9
906 0 10
907 0 11
908 0 11
909 0 13
910 0 11
911 0 12
912 0 9
913 0 11
914 0 10
915 0 9
916 0 12
917 0 11
918 0 11
919 0 13
920 0 11
921 0 12
922 0 10
923 0 14
924 0 10
925 0 14
926 0 11
927 0 13
928 0 10
929 0 7
930 0 10
931 0 15
932 0 9
933 0 10
934 0 12
935 0 12
936 0 9
937 0 12
938 0 9
939 0 11
940 0 12
941 0 11
942 0 10
943 0 11
944 0 10
945 0 10
946 0 9
947 0 9
948 0 11
949 0 8
950 0 10
951 0 8
952 0 7
953 0 7
954 0 11
1 1 10
2 1 11
3 1 15
4 1 9
5 1 7
6 1 7
7 1 11
8 1 7
9 1 7
10 1 9
11 1 12
12 1 9
13 1 6
14 1 8
15 1 9
16 1 12
17 1 16
18 1 7
19 1 6
20 1 3
21 1 10
22 1 9
23 1 9
24 1 9
25 1 8
26 1 10
27 1 6
28 1 9
29 1 6
30 1 10
31 1 8
32 1 7
33 1 8
34 1 10
35 1 11
36 1 6
37 1 10
38 1 9
39 1 5
40 1 6
41 1 7
42 1 9
43 1 9
44 1 13
45 1 9
46 1 8
47 1 4
48 1 10
49 1 10
50 1 8
51 1 7
52 1 7
53 1 7
54 1 9
55 1 9
56 1 7
57 1 4
58 1 7
59 1 7
60 1 11
61 1 9
62 1 3
63 1 7
64 1 8
65 1 4
66 1 8
67 1 8
68 1 8
69 1 10
70 1 7
71 1 7
72 1 10
73 1 9
74 1 8
75 1 11
76 1 7
77 1 5
78 1 4
79 1 16
80 1 11
81 1 7
82 1 7
83 1 9
84 1 9
85 1 9
86 1 9
87 1 6
88 1 7
89 1 6
90 1 8
91 1 12
92 1 4
93 1 7
94 1 6
95 1 7
96 1 9
97 1 5
99 1 8
100 1 2
101 1 8
102 1 8
103 1 7
104 1 8
105 1 8
106 1 10
107 1 6
108 1 11
109 1 23
110 1 15
111 1 8
112 1 5
113 1 8
114 1 1
115 1 8
116 1 6
117 1 6
118 1 5
119 1 7
120 1 5
121 1 9
122 1 7
123 1 5
124 1 8
125 1 10
126 1 9
127 1 9
128 1 6
129 1 8
130 1 9
131 1 7
132 1 10
133 1 10
134 1 7
135 1 8
136 1 9
137 1 6
138 1 8
139 1 7
140 1 8
141 1 8
142 1 7
143 1 7
144 1 8
145 1 21
146 1 11
147 1 9
148 1 7
149 1 4
150 1 11
151 1 13
152 1 6
153 1 8
154 1 11
155 1 3
156 1 9
157 1 4
158 1 7
159 1 7
160 1 5
161 1 8
162 1 9
163 1 6
164 1 8
165 1 7
166 1 10
167 1 12
168 1 6
169 1 3
170 1 7
171 1 9
172 1 5
173 1 6
174 1 9
175 1 11
176 1 9
177 1 10
178 1 8
179 1 11
180 1 7
181 1 6
182 1 7
183 1 7
184 1 8
185 1 8
186 1 10
187 1 9
188 1 4
189 1 11
190 1 9
191 1 7
192 1 7
193 1 7
195 1 10
196 1 6
197 1 9
198 1 6
199 1 6
200 1 10
201 1 21
202 1 8
203 1 12
204 1 7
205 1 9
206 1 7
207 1 8
208 1 11
209 1 8
210 1 6
211 1 8
212 1 7
213 1 5
214 1 8
215 1 14
216 1 7
217 1 6
218 1 9
219 1 9
220 1 8
221 1 8
222 1 6
223 1 6
224 1 8
225 1 6
226 1 4
227 1 7
228 1 9
229 1 2
230 1 7
231 1 11
232 1 8
233 1 6
234 1 9
235 1 5
236 1 11
237 1 6
238 1 5
239 1 9
240 1 5
241 1 3
242 1 9
243 1 5
244 1 8
245 1 9
246 1 11
247 1 7
248 1 7
249 1 9
250 1 5
251 1 9
252 1 6
253 1 9
254 1 6
255 1 5
256 1 8
257 1 11
258 1 9
259 1 8
260 1 7
261 1 9
262 1 7
263 1 8
264 1 4
266 1 11
267 1 9
268 1 5
269 1 7
270 1 6
271 1 3
272 1 8
273 1 8
274 1 8
275 1 7
276 1 12
277 1 9
278 1 3
279 1 7
280 1 11
281 1 11
282 1 8
283 1 6
284 1 11
285 1 7
286 1 5
287 1 12
288 1 6
289 1 3
290 1 11
291 1 5
292 1 8
293 1 8
294 1 10
295 1 8
296 1 9
297 1 7
298 1 10
299 1 7
300 1 11
301 1 7
302 1 5
303 1 10
304 1 8
305 1 8
306 1 4
307 1 7
308 1 9
309 1 8
310 1 8
311 1 7
312 1 7
313 1 8
314 1 6
315 1 8
316 1 5
317 1 6
318 1 9
319 1 6
320 1 8
321 1 8
322 1 8
323 1 4
324 1 9
325 1 6
326 1 9
327 1 5
328 1 6
329 1 9
330 1 3
331 1 9
332 1 8
333 1 7
334 1 5
335 1 7
336 1 10
337 1 3
338 1 6
339 1 4
340 1 2
341 1 10
342 1 7
343 1 5
344 1 10
345 1 5
346 1 9
347 1 6
348 1 12
349 1 7
350 1 7
351 1 7
352 1 8
353 1 8
354 1 5
355 1 9
356 1 7
357 1 7
358 1 8
359 1 7
360 1 6
361 1 7
362 1 7
363 1 5
364 1 6
365 1 10
366 1 8
367 1 15
368 1 6
369 1 5
370 1 5
371 1 8
372 1 10
374 1 8
375 1 7
376 1 9
377 1 8
378 1 6
379 1 7
380 1 9
381 1 10
382 1 9
383 1 2
384 1 7
385 1 8
386 1 7
387 1 8
388 1 6
389 1 5
390 1 7
391 1 7
392 1 7
393 1 8
394 1 7
395 1 7
396 1 8
397 1 9
398 1 8
399 1 6
400 1 9
401 1 6
402 1 13
403 1 10
404 1 4
405 1 7
406 1 6
407 1 9
408 1 7
409 1 6
410 1 8
411 1 5
412 1 7
413 1 6
414 1 2
415 1 10
416 1 4
417 1 6
418 1 6
419 1 5
420 1 11
421 1 9
422 1 7
423 1 7
424 1 9
425 1 7
426 1 7
427 1 6
428 1 9
429 1 6
430 1 8
431 1 5
432 1 7
433 1 6
434 1 10
435 1 7
436 1 4
437 1 7
438 1 7
439 1 10
440 1 6
441 1 7
442 1 7
443 1 10
444 1 7
445 1 11
446 1 10
447 1 9
448 1 6
449 1 5
450 1 9
451 1 9
452 1 9
453 1 5
454 1 10
455 1 10
456 1 7
457 1 6
458 1 8
459 1 12
460 1 7
461 1 8
462 1 7
463 1 7
464 1 8
465 1 7
466 1 10
467 1 6
468 1 9
469 1 7
470 1 8
471 1 8
472 1 7
473 1 9
474 1 9
475 1 7
476 1 8
477 1 7
478 1 10
479 1 5
480 1 6
481 1 3
482 1 7
483 1 9
484 1 10
485 1 11
486 1 7
487 1 7
488 1 8
489 1 6
490 1 10
491 1 8
492 1 7
493 1 4
494 1 6
495 1 8
496 1 7
497 1 6
498 1 5
499 1 6
500 1 9
501 1 8
502 1 7
503 1 7
504 1 7
505 1 7
506 1 8
507 1 8
508 1 9
509 1 8
510 1 12
511 1 6
512 1 5
513 1 9
514 1 9
515 1 10
516 1 8
517 1 7
518 1 7
519 1 8
520 1 6
521 1 8
522 1 5
523 1 8
524 1 6
525 1 5
526 1 7
527 1 7
528 1 6
529 1 8
530 1 8
531 1 9
532 1 8
533 1 6
534 1 7
535 1 8
536 1 7
537 1 7
538 1 8
539 1 6
540 1 11
541 1 9
542 1 7
543 1 8
544 1 17
545 1 8
546 1 11
547 1 9
548 1 10
549 1 8
550 1 9
551 1 9
552 1 12
553 1 10
554 1 9
555 1 9
556 1 8
557 1 8
558 1 9
559 1 5
560 1 8
561 1 10
562 1 7
563 1 9
564 1 8
565 1 7
566 1 5
568 1 7
569 1 9
570 1 7
571 1 10
572 1 4
573 1 5
574 1 5
575 1 7
576 1 7
577 1 7
579 1 8
581 1 11
582 1 11
583 1 8
584 1 9
585 1 10
586 1 7
587 1 9
588 1 9
589 1 12
590 1 5
591 1 6
592 1 6
593 1 6
594 1 8
595 1 9
596 1 7
597 1 5
598 1 11
599 1 7
600 1 6
601 1 10
602 1 9
603 1 8
604 1 8
605 1 7
606 1 11
607 1 6
608 1 7
609 1 5
610 1 6
611 1 5
613 1 11
614 1 9
615 1 6
616 1 1
617 1 12
618 1 8
619 1 6
620 1 7
622 1 11
623 1 9
624 1 11
625 1 9
626 1 11
627 1 9
628 1 6
629 1 4
630 1 6
631 1 9
632 1 11
633 1 7
634 1 8
635 1 6
636 1 8
637 1 8
638 1 6
639 1 8
640 1 7
641 1 8
642 1 7
643 1 12
644 1 6
645 1 9
646 1 5
647 1 6
648 1 9
649 1 9
650 1 8
651 1 7
652 1 10
653 1 10
654 1 9
655 1 6
656 1 9
657 1 10
658 1 7
659 1 7
660 1 14
661 1 10
662 1 9
663 1 12
665 1 1
666 1 13
667 1 15
668 1 13
669 1 13
670 1 13
671 1 14
672 1 15
673 1 9
674 1 18
675 1 9
676 1 17
677 1 11
678 1 18
679 1 8
680 1 9
681 1 8
682 1 19
683 1 9
684 1 20
685 1 19
686 1 7
687 1 10
688 1 10
689 1 9
690 1 9
691 1 12
692 1 9
693 1 15
694 1 9
695 1 6
696 1 8
697 1 9
698 1 9
699 1 5
700 1 8
701 1 9
702 1 5
703 1 11
704 1 9
705 1 8
706 1 7
707 1 7
708 1 9
709 1 8
710 1 9
711 1 9
712 1 9
713 1 9
714 1 11
715 1 9
716 1 6
717 1 7
718 1 9
719 1 7
720 1 9
721 1 7
722 1 6
723 1 11
724 1 12
725 1 10
726 1 8
727 1 7
728 1 12
729 1 9
730 1 12
731 1 9
732 1 7
733 1 7
734 1 6
735 1 14
736 1 8
737 1 9
738 1 4
739 1 6
740 1 7
741 1 9
742 1 9
743 1 12
744 1 10
745 1 7
746 1 10
747 1 7
748 1 9
749 1 8
750 1 7
751 1 7
752 1 7
753 1 9
754 1 16
755 1 10
756 1 8
757 1 7
758 1 9
759 1 10
760 1 11
761 1 8
762 1 9
763 1 6
764 1 7
765 1 8
766 1 11
767 1 9
768 1 8
769 1 8
770 1 8
771 1 9
772 1 7
773 1 9
774 1 8
775 1 7
776 1 7
777 1 9
778 1 7
779 1 6
780 1 7
781 1 8
782 1 6
783 1 11
784 1 7
785 1 8
786 1 7
787 1 6
788 1 10
789 1 8
790 1 6
791 1 6
792 1 11
793 1 6
794 1 9
795 1 7
796 1 10
797 1 7
798 1 9
799 1 9
800 1 6
801 1 9
802 1 7
803 1 7
804 1 8
805 1 9
806 1 7
807 1 10
808 1 7
809 1 11
810 1 11
811 1 9
812 1 7
813 1 7
814 1 13
815 1 9
816 1 9
817 1 10
818 1 7
819 1 7
820 1 9
821 1 8
822 1 8
823 1 7
824 1 8
825 1 12
826 1 7
827 1 9
828 1 8
829 1 7
830 1 7
831 1 8
832 1 6
833 1 8
834 1 7
835 1 8
836 1 9
837 1 6
838 1 13
839 1 8
840 1 8
841 1 8
842 1 8
843 1 8
844 1 9
845 1 6
846 1 8
847 1 4
848 1 7
849 1 9
850 1 5
851 1 8
852 1 11
853 1 6
854 1 11
855 1 9
856 1 7
857 1 6
858 1 9
859 1 10
860 1 7
861 1 7
862 1 8
863 1 10
864 1 7
865 1 7
866 1 9
867 1 11
868 1 9
869 1 9
870 1 10
871 1 10
872 1 9
873 1 7
874 1 9
875 1 8
876 1 9
877 1 6
878 1 10
879 1 10
880 1 12
881 1 7
882 1 9
883 1 6
884 1 6
885 1 10
886 1 7
887 1 10
888 1 8
889 1 10
890 1 12
891 1 7
892 1 8
893 1 4
894 1 8
895 1 12
896 1 9
897 1 10
898 1 10
899 1 10
900 1 11
901 1 10
902 1 9
903 1 10
904 1 8
905 1 9
906 1 9
907 1 10
908 1 9
909 1 11
910 1 11
911 1 11
912 1 12
913 1 11
914 1 11
915 1 11
916 1 9
917 1 9
918 1 10
919 1 11
920 1 11
921 1 11
922 1 9
923 1 8
924 1 10
925 1 7
926 1 10
927 1 10
928 1 12
929 1 11
930 1 11
931 1 8
932 1 10
933 1 8
934 1 9
935 1 9
936 1 9
937 1 9
938 1 8
939 1 10
940 1 8
941 1 9
942 1 9
943 1 9
944 1 10
945 1 11
946 1 8
947 1 9
948 1 7
949 1 10
950 1 7
951 1 8
952 1 9
953 1 8
954 1 8
